|||||||||||||||||
DPS Week|
|2020-15|
Week 15|
1841260|32.78|26.09|10.35|0.00|141.31%|125.66%|127.56%|99.99%|22|2|2|17|14|2|0
1444000|45.36|36.30|6.27|96.00|115.77%|124.98%|122.46%|99.99%|17|1|7|33|26||
1693305|41.27|33.36|11.80|40.00|92.24%|123.70%|123.75%|99.99%|15|1|6|28|24|18|1
1588193|42.59|34.51|9.00|0.00|91.17%|123.43%|123.27%|99.94%|72|1|12|23|11|11|1
1847976|42.59|35.35|10.98|0.00|91.40%|120.46%|122.93%|99.93%|82|3|0|21|20|6|1
1826691|26.15|21.86|5.22|7.00|92.95%|119.64%|121.22%|99.95%|53|0|3|9|6|1|0
1573394|35.14|29.81|10.85|67.00|90.58%|117.86%|115.21%|100.00%|3|2|4|21|16|16|1
1756998|14.35|12.36|4.05|63.00|89.44%|116.10%|114.05%|99.91%|60|3|6|9|1|4|1
1594867|29.64|25.56|8.82|0.00|89.32%|115.95%|118.77%|99.97%|24|4|7|26|15|24|2
1538933|16.50|14.25|6.38|77.00|87.19%|115.78%|103.52%|99.96%|23|10|13|22|1|4|0
1584786|37.69|32.59|9.13|81.00|94.70%|115.65%|111.63%|99.93%|96|6|6|29|17|7|2
1721342|30.79|26.67|7.37|48.00|91.92%|115.43%|114.01%|99.97%|24|5|7|24|14|14|0
1791946|33.21|28.82|7.58|5.00|88.82%|115.24%|115.39%|99.99%|8|1|5|16|11|18|1
1841232|40.99|35.69|10.60|0.00|90.79%|114.87%|113.65%|99.97%|25|1|18|25|5|4|0
1510691|41.19|35.88|9.53|0.00|88.91%|114.79%|114.61%|99.97%|23|6|12|36|20|12|0
1827428|39.60|34.58|12.08|0.00|92.48%|114.52%|114.09%|99.97%|34|2|4|25|19|4|6
1594850|21.79|19.15|6.27|45.00|92.62%|113.79%|113.62%|99.99%|12|2|1|10|8|4|1
1851678|39.97|35.20|9.82|72.00|90.11%|113.57%|114.69%|99.97%|29|1|11|28|16|5|0
1806569|23.36|20.61|5.25|0.00|89.38%|113.34%|105.33%|99.94%|62|5|2|14|7|5|0
1115710|45.72|40.57|13.17|65.00|89.74%|112.71%|111.52%|99.98%|24|0|12|31|24|23|0
1741026|39.75|35.36|11.28|0.00|91.59%|112.40%|109.94%|99.95%|65|0|3|20|18|8|0
1776626|27.32|24.36|6.22|0.00|84.95%|112.17%|110.45%|99.90%|69|8|3|20|10||
956858|35.88|32.11|8.37|0.00|91.51%|111.74%|110.23%|99.99%|7|5|15|32|12|52|5
783274|33.11|29.82|10.28|0.00|89.44%|111.01%|109.77%|99.95%|36|0|10|23|15|13|1
1723551|17.40|15.70|2.90|0.00|98.08%|110.80%|111.75%|99.99%|13|1|0|8|7|6|0
1512034|40.88|36.91|8.45|0.00|92.93%|110.76%|111.36%|99.98%|21|0|4|21|18|9|1
720881|47.71|43.16|11.25|0.00|91.56%|110.54%|107.76%|99.98%|30|1|6|25|22||
1837997|15.41|14.00|9.10|14.00|201.88%|110.08%|110.94%|99.97%|40|2|2|11|7|1|2
1733204|37.69|34.33|11.05|45.00|90.73%|109.79%|107.56%|99.99%|14|1|12|31|20|6|1
1597238|19.78|18.03|7.73|0.00|86.24%|109.65%|113.90%|99.99%|6|2|6|14|8|6|0
1694815|35.94|32.89|11.77|54.00|90.85%|109.25%|106.29%|99.93%|65|3|10|22|9|7|0
1304815|34.66|31.76|12.07|122.00|88.99%|109.14%|103.51%|99.91%|89|0|5|22|20|18|0
1756715|26.12|24.08|9.20|60.00|87.26%|108.46%|101.90%|99.96%|32|5|13|22|7|4|2
1268373|37.24|34.52|9.70|49.00|90.55%|107.87%|109.08%|99.97%|24|2|2|22|18|28|0
1785998|34.98|32.49|11.67|47.00|89.33%|107.67%|103.66%|99.93%|68|4|8|31|23|9|0
1768545|24.13|22.49|6.53|27.00|91.84%|107.33%|107.45%|99.95%|52|1|9|18|9|2|2
1827579|38.45|35.89|9.72|0.00|90.82%|107.13%|104.56%|99.98%|23|2|7|24|14|15|1
1594788|35.88|33.53|11.15|62.00|92.06%|107.02%|105.40%|99.94%|56|0|4|22|17|27|1
1830375|24.22|22.64|5.43|0.00|89.77%|106.98%|105.22%|99.92%|65|1|1|12|11|3|0
1616375|35.18|32.89|11.28|81.00|91.93%|106.95%|106.66%|99.93%|66|1|8|26|17|36|0
1591636|38.60|36.18|6.67|102.00|94.14%|106.68%|103.27%|99.98%|33|3|6|28|19|19|0
1445212|14.06|13.20|3.18|40.00|90.28%|106.50%|100.48%|99.94%|35|6|3|14|10|30|0
1834433|26.61|25.05|10.03|5.00|89.99%|106.25%|104.99%|99.97%|23|0|12|20|9|2|0
1689857|21.92|20.63|8.82|0.00|90.85%|106.25%|102.09%|99.99%|6|0|4|13|9|9|3
1615610|35.03|33.01|11.30|65.00|90.29%|106.09%|105.39%|99.96%|44|2|21|34|14|8|0
1596725|39.26|37.05|5.37|22.00|91.64%|105.96%|101.96%|100.00%|3|5|10|38|24|3|1
1794885|30.16|28.53|7.12|83.00|91.54%|105.71%|105.47%|99.98%|15|1|6|16|11|3|0
1512111|24.20|22.96|5.62|50.00|78.54%|105.39%|100.78%|99.87%|81|7|4|13|5|14|0
1573912|31.00|29.42|11.63|50.00|84.66%|105.39%|102.24%|99.91%|67|2|23|42|18|25|0
1434505|42.00|39.91|13.48|0.00|91.04%|105.24%|105.50%|99.96%|41|1|9|28|20|4|0
1577784|27.75|26.37|7.03|36.00|85.32%|105.23%|101.08%|99.91%|51|2|7|23|18|16|2
1608035|40.01|38.09|7.87|25.00|91.04%|105.05%|107.30%|99.98%|26|2|5|24|18|2|0
1770427|11.45|10.92|3.72|0.00|84.38%|104.80%|106.58%|99.94%|40|2|4|8|3|1|7
1306252|35.73|34.15|10.28|46.00|90.68%|104.60%|102.06%|99.98%|19|5|7|25|14|72|1
1746114|26.87|25.73|9.20|74.00|90.75%|104.45%|103.35%|99.95%|40|7|11|24|9|5|0
1257571|32.23|30.87|12.45|53.00|86.12%|104.40%|104.17%|99.96%|26|12|9|32|13|10|21
1856072|37.61|36.12|8.92|0.00|88.09%|104.11%|105.95%|99.88%|108|5|9|32|20|2|0
1769037|21.06|20.23|4.53|0.00|90.38%|104.11%|103.68%|99.91%|59|1|8|21|15|3|5
1807930|38.80|37.30|8.83|0.00|90.56%|104.00%|104.80%|99.98%|20|0|0|19|18|3|0
1817289|35.44|34.13|10.47|26.00|90.15%|103.84%|102.00%|99.96%|36|4|13|24|10|21|5
1820839|22.35|21.52|5.72|0.00|80.51%|103.84%|105.19%|99.80%|130|7|0|14|11|26|2
1535050|24.66|23.79|5.42|11.00|72.52%|103.67%|NO DATA|99.94%|14|4|12|33|18|3|0
1841431|33.94|32.74|9.70|0.00|89.22%|103.66%|105.63%|99.99%|7|4|6|28|17|5|1
1396843|38.54|37.31|7.75|0.00|89.39%|103.29%|101.58%|99.97%|39|0|4|18|15|15|0
1398466|40.32|39.05|5.47|0.00|96.60%|103.25%|103.22%|100.00%|1|1|6|22|16|33|0
1831683|27.34|26.51|9.03|18.00|86.09%|103.14%|100.61%|99.95%|45|4|11|26|15|5|7
1535634|35.04|34.02|10.22|70.00|92.02%|102.99%|101.81%|99.97%|28|0|3|16|13|48|0
1840884|35.73|34.80|8.00|0.00|90.61%|102.67%|102.95%|99.81%|217|0|6|25|20|11|2
1584539|33.92|33.04|10.87|81.00|88.71%|102.66%|103.23%|100.00%|3|7|32|48|14|44|8
1738999|32.65|31.85|6.95|8.00|89.45%|102.50%|104.31%|99.95%|49|0|2|16|15|12|4
1740655|37.82|36.90|7.02|0.00|85.54%|102.50%|103.72%|99.95%|48|3|6|23|17|5|0
1832466|25.16|24.56|9.95|43.00|105.04%|102.45%|101.28%|99.93%|60|4|22|53|27|0|5
1116620|21.12|20.66|4.05|0.00|90.43%|102.24%|95.93%|99.98%|13|1|4|10|6|6|1
1519995|22.05|21.58|9.55|84.00|81.31%|102.20%|98.83%|99.95%|36|10|6|23|10|34|3
1796842|28.18|27.65|8.33|0.00|87.59%|101.94%|103.28%|99.99%|11|3|4|18|11||
1853836|35.50|34.88|7.25|48.00|91.56%|101.79%|102.36%|99.94%|54|3|4|23|19|4|0
1181287|27.99|27.60|6.68|55.00|90.47%|101.42%|98.82%|99.97%|26|2|1|16|14|13|2
1448131|38.77|38.30|5.63|0.00|92.26%|101.23%|100.01%|100.00%|1|3|3|28|22|2|1
1533996|18.23|18.08|4.77|0.00|70.64%|100.85%|98.69%|99.87%|57|12|7|27|8|9|0
1504349|41.57|41.28|5.03|0.00|98.65%|100.71%|100.14%|99.99%|17|1|1|24|22|27|0
1803979|27.33|27.17|4.82|0.00|91.11%|100.57%|104.31%|99.87%|117|1|1|17|16|3|0
987153|35.85|35.78|4.35|0.00|112.29%|100.19%|NO DATA|100.00%||1|7|26|18|6|0
1800956|27.57|27.64|7.67|11.00|86.01%|99.74%|101.41%|99.98%|17|4|4|18|12||
1852126|36.51|36.78|9.75|0.00|92.05%|99.28%|95.09%|99.85%|139|2|0|17|16|30|0
1421029|31.99|32.27|11.13|67.00|88.16%|99.14%|100.51%|99.98%|21|7|16|32|14|19|1
1769119|23.75|23.97|5.93|0.00|92.81%|99.10%|101.78%|99.98%|15|0|2|9|11|4|0
1850425|29.93|30.25|6.15|0.00|88.95%|98.96%|93.20%|99.87%|70|2|0|32|31|7|0
694995|30.56|31.06|9.95|164.00|89.44%|98.41%|100.96%|99.96%|25|3|11|27|14|9|4
773205|14.88|15.21|6.02|21.00|87.19%|97.84%|98.40%|99.96%|14|1|6|16|9|9|5
1594933|25.30|26.05|8.98|145.00|84.50%|97.14%|97.32%|99.95%|21|2|6|19|11|12|1
1841510|35.16|36.31|7.53|25.00|88.87%|96.81%|97.65%|99.91%|63|3|10|22|12|1|0
1829532|31.30|32.86|6.30|82.00|87.86%|95.24%|99.81%|99.90%|59|1|0|15|13|17|0
1853088|21.79|23.26|5.65|10.00|90.17%|93.72%|92.13%|99.87%|58|0|1|12|13||
1256076|18.85|20.12|2.90|0.00|94.72%|93.69%|96.86%|100.00%|3|0|1|17|17|6|0
1594677|19.27|20.63|5.47|0.00|92.30%|93.42%|NO DATA|99.96%|15|1|0|11|8|5|1
1851073|13.97|15.06|3.77|0.00|86.13%|92.80%|93.37%|99.89%|72|0|1|7|8|1|0
1856664|27.13|29.28|7.17|0.00|89.86%|92.68%|87.61%|99.98%|12|2|0|25|21||
1410552|13.52|14.62|3.33|0.00|86.32%|92.53%|93.69%|100.00%||5|3|16|9|3|0
1864251|25.19|27.54|4.68|0.00|96.44%|91.46%|NO DATA|99.94%|11|2|1|18|18|1|0
550191|10.07|11.80|2.80|0.00|89.64%|85.38%|79.84%|99.88%|30|0|6|12|7|1|0
1840999|31.94|38.25|7.85|0.00|87.66%|83.52%|90.19%|99.97%|30|2|20|43|25|10|0
1856820|21.28|25.70|3.37|0.00|82.42%|82.81%|NO DATA|99.88%|20|5|3|24|15|5|1
1867795|16.55|23.00|5.92|0.00|162.64%|71.98%|NO DATA|99.83%|20|1|1|21|19|14|0
1867784|11.53|20.24|3.50|0.00|230.24%|56.96%|NO DATA|100.00%||1|2|12|9|0|3
